1 487
2 -783
3 218
4 -150
5 -957
6 883
7 770
8 -329
9 801
10 496
11 -695
12 -736
13 -829
14 -939
15 -21
16 16
17 689
18 800
19 -318
20 774
21 -944
22 -66
23 -18
24 610
25 -605
26 -517
27 -390
28 -882
29 -152
30 -647
31 833
32 -589
33 537
34 -420
35 668
36 646
37 -754
38 -522
39 181
40 343
41 46
42 407
43 -998
44 -633
45 -430
46 -144
47 -711
48 276
49 -17
50 151
51 -373
52 -476
53 590
54 786
55 17
56 624
57 210
58 563
59 -714
60 41
61 -378
62 629
63 -917
64 -287
65 -483
66 218
67 -197
68 -794
69 -642
70 -382
71 -809
72 -819
73 303
74 -980
75 -968
76 870
77 -297
78 -71
79 326
80 -334
81 -281
82 16
83 517
84 590
85 -98
86 99
87 -880
88 -750
89 536
90 -109
91 725
92 -203
93 928
94 -170
95 -127
96 996
97 -483
98 -95
99 -912
100 -120
101 -335
102 680
103 138
104 838
105 -190
106 265
107 664
108 -523
109 -270
110 490
111 175
112 -700
113 -608
114 155
115 701
116 -206
117 368
118 -930
119 341
120 -527
121 536
122 -620
123 317
124 -987
125 -28
126 -180
127 308
128 -459
129 -481
130 -525
131 -298
132 -906
133 691
134 720
135 -234
136 -628
137 69
138 132
139 515
140 -530
141 -542
142 824
143 -473
144 465
145 -811
146 668
147 -845
148 776
149 -164
150 431
151 306
152 711
153 368
154 30
155 952
156 664
157 -521
158 -934
159 424
160 688
161 -207
162 -274
163 513
164 -250
165 -277
166 973
167 -742
168 366
169 -354
170 -773
171 212
172 -985
173 680
174 -374
175 436
176 852
177 -396
178 -947
179 381
180 -206
181 -688
182 547
183 -519
184 271
185 -408
186 -433
187 661
188 630
189 491
190 -89
191 -556
192 -419
193 42
194 -876
195 892
196 -401
197 -700
198 597
199 94
200 713
201 627
202 505
203 26
204 319
205 -538
206 -610
207 -435
208 -548
209 885
210 -138
211 240
212 -150
213 -619
214 -937
215 -750
216 664
217 925
218 511
219 911
220 -867
221 856
222 535
223 396
224 725
225 122
226 -481
227 581
228 218
229 -859
230 360
231 886
232 54
233 114
234 985
235 632
236 -794
237 -780
238 578
239 823
240 768
241 -718
242 -14
243 -283
244 -277
245 94
246 -491
247 597
248 -486
249 -10
250 929
251 -789
252 507
253 694
254 -534
255 101
256 481
257 795
258 897
259 190
260 444
261 -522
262 376
263 -323
264 139
265 501
266 -550
267 -200
268 -494
269 -882
270 -736
271 -290
272 -417
273 -139
274 694
275 243
276 432
277 -130
278 -188
279 770
280 -574
281 -92
282 -82
283 533
284 -497
285 -285
286 64
287 -803
288 -5
289 836
290 -264
291 -313
292 723
293 344
294 -846
295 -724
296 -490
297 -308
298 -520
299 -561
300 526
301 -87
302 673
303 -558
304 173
305 -288
306 366
307 -128
308 140
309 456
310 -677
311 719
312 -289
313 79
314 892
315 573
316 -947
317 801
318 -167
319 -642
320 -243
321 -300
322 954
323 -405
324 -598
325 -96
326 86
327 -605
328 375
329 293
330 1
331 -928
332 -674
333 -799
334 403
335 823
336 311
337 -681
338 -702
339 -707
340 -823
341 482
342 461
343 -189
344 -462
345 15
346 -663
347 825
348 -469
349 36
350 530
351 -728
352 -226
353 -503
354 674
355 153
356 -67
357 136
358 11
359 -57
360 -894
361 95
362 -288
363 512
364 -711
365 91
366 -823
367 -779
368 542
369 29
370 -552
371 -122
372 608
373 145
374 -456
375 387
376 -402
377 -625
378 443
379 -193
380 -958
381 406
382 40
383 312
384 -4
385 -917
386 -347
387 179
388 -759
389 -815
390 -417
391 -964
392 885
393 785
394 682
395 338
396 11
397 390
398 -617
399 816
400 -836
401 -404
402 -954
403 -218
404 122
405 560
406 -224
407 -49
408 -986
409 -694
410 845
411 -250
412 -927
413 239
414 84
415 852
416 581
417 -630
418 -530
419 -788
420 252
421 -185
422 -146
423 -155
424 203
425 -770
426 -719
427 88
428 761
429 778
430 848
431 195
432 751
433 -861
434 961
435 -487
436 796
437 719
438 -96
439 245
440 -604
441 -603
442 20
443 -148
444 140
445 248
446 -720
447 -314
448 287
449 675
450 -704
451 649
452 -178
453 -88
454 212
455 -542
456 -978
457 72
458 -287
459 876
460 -75
461 862
462 -427
463 109
464 80
465 995
466 -122
467 -605
468 -579
469 -400
470 -576
471 -31
472 910
473 71
474 311
475 -358
476 794
477 118
478 -442
479 752
480 295
481 434
482 837
483 -994
484 -242
485 -987
486 -369
487 827
488 -956
489 -200
490 -94
491 969
492 -572
493 -654
494 -416
495 175
496 -890
497 -931
498 649
499 -861
500 531
501 -812
502 -762
503 -852
504 366
505 -683
506 369
507 345
508 730
509 30
510 -702
511 -479
512 610
513 -576
514 895
515 -24
516 -797
517 589
518 -423
519 -799
520 -228
521 -358
522 140
523 -642
524 302
525 357
526 505
527 -18
528 628
529 -438
530 -186
531 395
532 140
533 -20
534 998
535 925
536 -682
537 -638
538 -900
539 -671
540 -517
541 298
542 272
543 -689
544 129
545 185
546 4
547 -114
548 371
549 -251
550 212
551 -849
552 -502
553 171
554 -108
555 478
556 510
557 687
558 -878
559 -401
560 -255
561 964
562 -904
563 -637
564 -602
565 218
566 636
567 -278
568 -529
569 41
570 342
571 -138
572 -297
573 -811
574 -210
575 -937
576 -618
577 490
578 -594
579 762
580 -803
581 -842
582 400
583 -327
584 113
585 -316
586 903
587 -180
588 275
589 -217
590 737
591 898
592 -928
593 -795
594 556
595 491
596 75
597 -144
598 717
599 45
600 760
601 268
602 323
603 467
604 974
605 199
606 976
607 320
608 626
609 -638
610 554
611 -119
612 -915
613 -270
614 363
615 699
616 -875
617 615
618 -726
619 87
620 157
621 -102
622 613
623 457
624 -852
625 409
626 766
627 -914
628 831
629 389
630 995
631 168
632 396
633 38
634 -273
635 885
636 -771
637 431
638 -412
639 399
640 -391
641 -661
642 -810
643 -547
644 -366
645 -630
646 542
647 183
648 702
649 -583
650 573
651 263
652 131
653 698
654 -403
655 -88
656 817
657 92
658 -973
659 103
660 622
661 475
662 11
663 -354
664 -692
665 -822
666 547
667 -193
668 -973
669 532
670 335
671 908
672 -797
673 625
674 293
675 542
676 -647
677 -967
678 -336
679 -72
680 -416
681 -233
682 -118
683 -149
684 199
685 303
686 900
687 -649
688 146
689 330
690 909
691 -541
692 428
693 479
694 -97
695 -127
696 785
697 -506
698 725
699 -728
700 -159
701 -295
702 -983
703 209
704 581
705 185
706 523
707 -502
708 -140
709 -52
710 68
711 912
712 833
713 -974
714 -994
715 -968
716 532
717 -964
718 353
719 -718
720 470
721 -456
722 592
723 -720
724 -988
725 -602
726 572
727 468
728 499
729 -937
730 356
731 456
732 -765
733 -405
734 404
735 -551
736 53
737 876
738 266
739 965
740 536
741 -799
742 -958
743 -402
744 877
745 804
746 54
747 759
748 -6
749 439
750 247
751 -546
752 727
753 557
754 -28
755 84
756 -840
757 -547
758 774
759 308
760 -595
761 -419
762 82
763 -777
764 51
765 618
766 675
767 850
768 483
769 310
770 -295
771 39
772 576
773 -684
774 -45
775 701
776 813
777 909
778 -315
779 150
780 657
781 836
782 704
783 -173
784 265
785 839
786 -165
787 -571
788 -372
789 71
790 782
791 421
792 98
793 512
794 55
795 389
796 -421
797 544
798 946
799 -532
800 240
801 767
802 -623
803 837
804 -651
805 625
806 932
807 226
808 -451
809 -917
810 843
811 738
812 745
813 971
814 -867
815 595
816 -570
817 293
818 -967
819 -62
820 -86
821 530
822 418
823 -564
824 -593
825 -235
826 18
827 -813
828 -801
829 622
830 -338
831 672
832 -745
833 -339
834 -304
835 -979
836 96
837 798
838 -757
839 874
840 7
841 513
842 -492
843 729
844 985
845 -321
846 188
847 -885
848 -716
849 -460
850 -199
851 -941
852 116
853 -425
854 -800
855 639
856 73
857 217
858 -96
859 -712
860 372
861 -347
862 -843
863 -545
864 -795
865 314
866 737
867 336
868 915
869 658
870 -194
871 107
872 -906
873 207
874 -991
875 -412
876 73
877 -767
878 -842
879 837
880 -312
881 10
882 269
883 -883
884 -691
885 -277
886 798
887 887
888 -435
889 414
890 -543
891 761
892 649
893 -495
894 362
895 -944
896 179
897 -307
898 742
899 -977
900 -764
901 791
902 871
903 -920
904 -671
905 37
906 592
907 164
908 -559
909 -28
910 714
911 644
912 649
913 73
914 38
915 -275
916 237
917 -107
918 591
919 -292
920 122
921 -650
922 -152
923 -5
924 797
925 -368
926 959
927 312
928 686
929 -768
930 -791
931 124
932 937
933 -266
934 -692
935 -112
936 -384
937 844
938 -79
939 -109
940 258
941 152
942 -828
943 775
944 601
945 -701
946 -584
947 -379
948 -986
949 -33
950 -521
951 -33
952 -407
953 -79
954 -367
955 -582
956 -923
957 4
958 502
959 -4
960 -580
961 -120
962 -374
963 -491
964 -152
965 368
966 447
967 -596
968 296
969 -756
970 -317
971 -61
972 -191
973 418
974 44
975 -865
976 457
977 -351
978 478
979 -165
980 -841
981 -330
982 -642
983 628
984 492
985 208
986 -871
987 353
988 -239
989 719
990 458
991 140
992 168
993 -120
994 347
995 -427
996 931
997 360
998 961
999 302
1000 -603
