1 -411
2 15
3 -891
4 512
5 648
6 -880
7 -53
8 973
9 397
10 -491
11 -121
12 635
13 74
14 701
15 -500
16 836
17 765
18 280
19 -513
20 754
21 -574
22 132
23 -275
24 141
25 -628
26 795
27 567
28 -735
29 -89
30 -38
31 29
32 823
33 -736
34 -55
35 315
36 931
37 -545
38 36
39 -209
40 -107
41 -592
42 -572
43 -465
44 425
45 -637
46 234
47 -308
48 193
49 619
50 -821
51 -989
52 -501
53 160
54 715
55 764
56 -194
57 948
58 368
59 405
60 -812
61 -473
62 139
63 -259
64 -245
65 -430
66 105
67 -416
68 102
69 -749
70 260
71 -800
72 941
73 -415
74 -864
75 -213
76 713
77 23
78 -889
79 -803
80 653
81 287
82 882
83 897
84 -524
85 -893
86 -16
87 -574
88 215
89 971
90 783
91 952
92 261
93 -491
94 -815
95 917
96 583
97 -919
98 365
99 481
100 887
101 -609
102 -355
103 378
104 -423
105 148
106 -554
107 -325
108 -168
109 327
110 -268
111 171
112 -425
113 778
114 -591
115 -985
116 93
117 -332
118 231
119 -662
120 970
121 -923
122 -542
123 677
124 151
125 607
126 -548
127 310
128 555
129 695
130 836
131 -110
132 -933
133 472
134 -830
135 395
136 -525
137 773
138 311
139 -630
140 -437
141 645
142 137
143 218
144 191
145 -564
146 -846
147 239
148 -851
149 -831
150 -197
151 -897
152 994
153 -748
154 -148
155 28
156 717
157 73
158 -756
159 -995
160 -968
161 -254
162 635
163 544
164 349
165 -408
166 -668
167 75
168 739
169 -71
170 559
171 282
172 -182
173 -476
174 -111
175 52
176 -933
177 -407
178 -404
179 39
180 -570
181 -786
182 249
183 -430
184 -849
185 -62
186 -704
187 -577
188 504
189 -947
190 -225
191 74
192 236
193 -580
194 188
195 313
196 -513
197 -149
198 536
199 844
200 277
201 754
202 -617
203 381
204 757
205 204
206 -399
207 283
208 -785
209 365
210 -226
211 -373
212 -89
213 819
214 -162
215 343
216 395
217 -269
218 137
219 -577
220 635
221 996
222 -535
223 -718
224 822
225 -788
226 574
227 -184
228 -237
229 453
230 -356
231 -445
232 -216
233 -630
234 83
235 -889
236 -625
237 -4
238 855
239 -359
240 920
241 -235
242 381
243 258
244 867
245 -231
246 -486
247 233
248 228
249 -675
250 770
251 -36
252 692
253 258
254 -513
255 116
256 -564
257 -487
258 -564
259 694
260 -970
261 498
262 944
263 -873
264 102
265 -766
266 794
267 -103
268 386
269 386
270 -174
271 -668
272 -408
273 836
274 -830
275 824
276 -310
277 23
278 -341
279 -933
280 -784
281 592
282 995
283 930
284 -511
285 361
286 -447
287 -779
288 707
289 -468
290 870
291 -814
292 167
293 806
294 -769
295 -825
296 -351
297 -132
298 728
299 974
300 -17
301 815
302 -229
303 391
304 927
305 -141
306 897
307 894
308 44
309 367
310 -369
311 -697
312 -182
313 9
314 -540
315 -807
316 -918
317 651
318 913
319 -543
320 -984
321 62
322 -762
323 -809
324 883
325 210
326 15
327 184
328 958
329 155
330 559
331 489
332 978
333 -71
334 -5
335 -922
336 804
337 -273
338 86
339 927
340 916
341 -317
342 917
343 -371
344 819
345 914
346 787
347 543
348 27
349 -687
350 -507
351 249
352 -130
353 220
354 -610
355 -894
356 796
357 560
358 559
359 169
360 -86
361 516
362 541
363 -799
364 -563
365 211
366 367
367 700
368 657
369 857
370 -936
371 684
372 618
373 149
374 -189
375 37
376 -271
377 -690
378 214
379 268
380 359
381 -100
382 -13
383 995
384 45
385 606
386 725
387 810
388 -197
389 567
390 -328
391 -550
392 332
393 -356
394 -820
395 -392
396 853
397 -127
398 -825
399 848
400 -379
401 515
402 841
403 199
404 455
405 -329
406 -658
407 32
408 -112
409 257
410 -293
411 -548
412 -951
413 360
414 148
415 -594
416 486
417 -67
418 177
419 56
420 769
421 2
422 510
423 -896
424 452
425 -19
426 -514
427 -907
428 -888
429 -592
430 115
431 -744
432 794
433 237
434 -653
435 733
436 -268
437 322
438 -108
439 333
440 101
441 167
442 413
443 -79
444 751
445 -566
446 -944
447 319
448 -512
449 -532
450 -867
451 477
452 -463
453 552
454 941
455 373
456 -482
457 738
458 468
459 -206
460 805
461 92
462 -960
463 -893
464 748
465 253
466 -637
467 -790
468 -184
469 358
470 68
471 374
472 -829
473 302
474 140
475 -830
476 521
477 -254
478 -136
479 -597
480 870
481 370
482 -259
483 -52
484 -492
485 981
486 488
487 947
488 824
489 437
490 453
491 -452
492 -933
493 -424
494 199
495 238
496 445
497 -423
498 42
499 -953
500 -414
501 147
502 -450
503 371
504 -600
505 -992
506 -258
507 -535
508 -68
509 -650
510 -641
511 -416
512 288
513 261
514 828
515 523
516 554
517 -608
518 801
519 -302
520 856
521 -918
522 -685
523 510
524 847
525 -191
526 -77
527 -949
528 495
529 997
530 104
531 -896
532 -732
533 30
534 -158
535 -231
536 -275
537 -153
538 -378
539 -341
540 449
541 -493
542 -226
543 -375
544 -82
545 871
546 510
547 383
548 994
549 -405
550 -854
551 -819
552 845
553 -291
554 989
555 -714
556 -410
557 674
558 778
559 -856
560 -351
561 619
562 -761
563 16
564 -318
565 -48
566 -751
567 397
568 225
569 -109
570 137
571 -123
572 -437
573 -453
574 504
575 109
576 -658
577 -731
578 -197
579 986
580 -837
581 -62
582 -638
583 885
584 157
585 11
586 501
587 163
588 35
589 390
590 -893
591 64
592 449
593 -249
594 549
595 862
596 -558
597 615
598 954
599 400
600 -741
601 937
602 -428
603 412
604 -253
605 -661
606 -678
607 -141
608 -503
609 599
610 -857
611 500
612 940
613 90
614 -332
615 871
616 614
617 897
618 -343
619 -772
620 -307
621 -848
622 -101
623 775
624 994
625 364
626 -624
627 -656
628 444
629 -115
630 243
631 173
632 -82
633 -912
634 -607
635 -594
636 -54
637 -699
638 -396
639 -558
640 -52
641 165
642 -284
643 -345
644 -30
645 -552
646 -14
647 104
648 153
649 -374
650 -193
651 352
652 -467
653 814
654 390
655 -984
656 494
657 5
658 718
659 -170
660 -109
661 372
662 -726
663 -753
664 -165
665 -726
666 198
667 594
668 -464
669 326
670 895
671 -396
672 -85
673 -116
674 -574
675 -884
676 197
677 596
678 -766
679 845
680 -277
681 503
682 810
683 -443
684 529
685 68
686 8
687 -787
688 547
689 -61
690 538
691 499
692 891
693 -528
694 691
695 221
696 -5
697 -130
698 609
699 281
700 -994
701 568
702 4
703 557
704 159
705 566
706 -171
707 462
708 -843
709 117
710 -571
711 -965
712 34
713 628
714 828
715 24
716 799
717 851
718 528
719 542
720 860
721 712
722 -603
723 -214
724 -597
725 665
726 593
727 500
728 -608
729 -255
730 825
731 -113
732 -226
733 131
734 -443
735 -462
736 357
737 -297
738 -994
739 804
740 -760
741 -941
742 16
743 -14
744 932
745 -261
746 -246
747 -752
748 171
749 14
750 899
751 937
752 -446
753 424
754 -525
755 499
756 -603
757 -917
758 -707
759 -594
760 -265
761 169
762 -905
763 -363
764 640
765 -482
766 66
767 336
768 68
769 668
770 -233
771 138
772 -408
773 984
774 -997
775 -478
776 -749
777 417
778 -913
779 958
780 -487
781 431
782 559
783 58
784 -524
785 -843
786 -788
787 -970
788 857
789 -154
790 788
791 -204
792 -818
793 -345
794 966
795 797
796 -534
797 820
798 -708
799 -626
800 183
801 720
802 -926
803 -993
804 -649
805 -962
806 384
807 495
808 -810
809 814
810 -264
811 -318
812 -103
813 216
814 883
815 -893
816 139
817 -473
818 -142
819 349
820 -691
821 899
822 -1
823 445
824 -430
825 -64
826 698
827 -824
828 514
829 -340
830 28
831 842
832 326
833 228
834 939
835 872
836 249
837 -847
838 831
839 190
840 628
841 -793
842 36
843 -203
844 -894
845 -138
846 -989
847 521
848 549
849 290
850 621
851 -828
852 105
853 -259
854 60
855 -597
856 141
857 4
858 560
859 -786
860 218
861 150
862 -609
863 406
864 -54
865 104
866 424
867 -274
868 713
869 -314
870 -617
871 440
872 743
873 108
874 498
875 -490
876 182
877 898
878 31
879 -743
880 -393
881 123
882 -882
883 882
884 -338
885 -847
886 -506
887 -490
888 -71
889 320
890 -768
891 -544
892 -660
893 554
894 688
895 -683
896 118
897 -963
898 844
899 -15
900 -634
901 295
902 682
903 42
904 788
905 553
906 76
907 755
908 818
909 -353
910 490
911 -826
912 -839
913 837
914 283
915 1000
916 316
917 289
918 502
919 14
920 424
921 879
922 -565
923 -822
924 -456
925 2
926 991
927 -812
928 -39
929 393
930 -306
931 737
932 896
933 235
934 431
935 461
936 25
937 824
938 -902
939 677
940 -317
941 -485
942 -763
943 75
944 454
945 480
946 -918
947 -945
948 -203
949 414
950 -953
951 -783
952 -322
953 -70
954 866
955 622
956 787
957 357
958 803
959 -969
960 -272
961 413
962 -818
963 101
964 -407
965 509
966 -736
967 -878
968 -193
969 -141
970 283
971 -365
972 -260
973 780
974 -466
975 -552
976 -897
977 -525
978 -598
979 566
980 -153
981 -241
982 548
983 -832
984 -100
985 287
986 -474
987 172
988 324
989 492
990 -691
991 -898
992 24
993 582
994 -77
995 816
996 459
997 -994
998 962
999 951
1000 -62

